- 0 0 8 27
! 0.03125 0 5 27
" 0.0507813 0 9 27
# 0.0859375 0 13 27
$ 0.136719 0 13 27
% 0.1875 0 14 27
& 0.242188 0 19 27
' 0.316406 0 5 27
( 0.335938 0 6 27
) 0.359375 0 6 27
* 0.382813 0 13 27
+ 0.433594 0 14 27
" 0.0976563 0 6 27
- 0.511719 0 13 27
. 0.5625 0 5 27
/ 0.582031 0 14 27
0 0.636719 0 13 27
1 0.6875 0 13 27
2 0.738281 0 14 27
3 0.792969 0 14 27
4 0.847656 0 14 27
5 0.902344 0 14 27
6 0 0.105469 14 27
7 0.0546875 0.105469 13 27
8 0.105469 0.105469 13 27
9 0.15625 0.105469 14 27
: 0.210938 0.105469 5 27
; 0.230469 0.105469 6 27
< 0.253906 0.105469 6 27
" 0.00390625 0.105469 12 27
> 0.324219 0.105469 6 27
? 0.347656 0.105469 13 27
@ 0.398438 0.105469 17 27
A 0.464844 0.105469 13 27
B 0.515625 0.105469 13 27
C 0.566406 0.105469 14 27
D 0.621094 0.105469 14 27
E 0.675781 0.105469 14 27
F 0.730469 0.105469 14 27
G 0.785156 0.105469 14 27
H 0.839844 0.105469 14 27
I 0.894531 0.105469 9 27
J 0.929688 0.105469 14 27
K 0 0.210938 14 27
L 0.0546875 0.210938 13 27
M 0.105469 0.210938 13 27
N 0.15625 0.210938 13 27
O 0.207031 0.210938 14 27
P 0.261719 0.210938 14 27
Q 0.316406 0.210938 14 27
R 0.371094 0.210938 14 27
S 0.425781 0.210938 14 27
T 0.480469 0.210938 14 27
U 0.535156 0.210938 13 27
V 0.585938 0.210938 13 27
W 0.636719 0.210938 18 27
X 0.707031 0.210938 14 27
Y 0.761719 0.210938 14 27
Z 0.816406 0.210938 14 27
[ 0.871094 0.210938 6 27
\ 0.894531 0.210938 14 27
] 0.949219 0.210938 7 27
^ 0 0.316406 13 27
_ 0.0507813 0.316406 16 27
` 0.113281 0.316406 7 27
a 0.140625 0.316406 14 27
b 0.195313 0.316406 14 27
c 0.25 0.316406 14 27
d 0.304688 0.316406 14 27
e 0.359375 0.316406 14 27
f 0.414063 0.316406 6 27
g 0.4375 0.316406 13 27
h 0.488281 0.316406 14 27
i 0.542969 0.316406 7 27
j 0.570313 0.316406 6 27
k 0.59375 0.316406 14 27
l 0.648438 0.316406 7 27
m 0.675781 0.316406 19 27
n 0.75 0.316406 13 27
o 0.800781 0.316406 14 27
p 0.855469 0.316406 14 27
q 0.910156 0.316406 14 27
r 0 0.421875 11 27
s 0.0429688 0.421875 14 27
t 0.0976563 0.421875 7 27
u 0.125 0.421875 13 27
v 0.175781 0.421875 13 27
w 0.226563 0.421875 19 27
x 0.300781 0.421875 14 27
y 0.355469 0.421875 14 27
z 0.410156 0.421875 14 27
{ 0.464844 0.421875 9 27
| 0.5 0.421875 4 27
} 0.515625 0.421875 9 27
~ 0.550781 0.421875 13 27
~ 0.550781 0.421875 13 27
~ 0.00215149 0.00164795 13 27
